[ ]{0:INCSP 1}
[ 0 ]{2:LDARGS}
[ 0 2 ]{3:CALL 1 7}
[ 0 6 -999 2 ]{7:INCSP 1}
[ 0 6 -999 2 0 ]{9:GETBP}
[ 0 6 -999 2 0 3 ]{10:CSTI 0}
[ 0 6 -999 2 0 3 0 ]{12:ADD}
[ 0 6 -999 2 0 3 ]{13:LDI}
[ 0 6 -999 2 0 2 ]{14:GETBP}
[ 0 6 -999 2 0 2 3 ]{15:CSTI 1}
[ 0 6 -999 2 0 2 3 1 ]{17:ADD}
[ 0 6 -999 2 0 2 4 ]{18:CALL 2 35}
[ 0 6 -999 2 0 21 3 2 4 ]{35:GETBP}
[ 0 6 -999 2 0 21 3 2 4 7 ]{36:CSTI 0}
[ 0 6 -999 2 0 21 3 2 4 7 0 ]{38:ADD}
[ 0 6 -999 2 0 21 3 2 4 7 ]{39:LDI}
[ 0 6 -999 2 0 21 3 2 4 2 ]{40:CSTI 0}
[ 0 6 -999 2 0 21 3 2 4 2 0 ]{42:EQ}
[ 0 6 -999 2 0 21 3 2 4 0 ]{43:IFZERO 57}
[ 0 6 -999 2 0 21 3 2 4 ]{57:INCSP 1}
[ 0 6 -999 2 0 21 3 2 4 0 ]{59:GETBP}
[ 0 6 -999 2 0 21 3 2 4 0 7 ]{60:CSTI 0}
[ 0 6 -999 2 0 21 3 2 4 0 7 0 ]{62:ADD}
[ 0 6 -999 2 0 21 3 2 4 0 7 ]{63:LDI}
[ 0 6 -999 2 0 21 3 2 4 0 2 ]{64:CSTI 1}
[ 0 6 -999 2 0 21 3 2 4 0 2 1 ]{66:SUB}
[ 0 6 -999 2 0 21 3 2 4 0 1 ]{67:GETBP}
[ 0 6 -999 2 0 21 3 2 4 0 1 7 ]{68:CSTI 2}
[ 0 6 -999 2 0 21 3 2 4 0 1 7 2 ]{70:ADD}
[ 0 6 -999 2 0 21 3 2 4 0 1 9 ]{71:CALL 2 35}
[ 0 6 -999 2 0 21 3 2 4 0 74 7 1 9 ]{35:GETBP}
[ 0 6 -999 2 0 21 3 2 4 0 74 7 1 9 12 ]{36:CSTI 0}
[ 0 6 -999 2 0 21 3 2 4 0 74 7 1 9 12 0 ]{38:ADD}
[ 0 6 -999 2 0 21 3 2 4 0 74 7 1 9 12 ]{39:LDI}
[ 0 6 -999 2 0 21 3 2 4 0 74 7 1 9 1 ]{40:CSTI 0}
[ 0 6 -999 2 0 21 3 2 4 0 74 7 1 9 1 0 ]{42:EQ}
[ 0 6 -999 2 0 21 3 2 4 0 74 7 1 9 0 ]{43:IFZERO 57}
[ 0 6 -999 2 0 21 3 2 4 0 74 7 1 9 ]{57:INCSP 1}
[ 0 6 -999 2 0 21 3 2 4 0 74 7 1 9 0 ]{59:GETBP}
[ 0 6 -999 2 0 21 3 2 4 0 74 7 1 9 0 12 ]{60:CSTI 0}
[ 0 6 -999 2 0 21 3 2 4 0 74 7 1 9 0 12 0 ]{62:ADD}
[ 0 6 -999 2 0 21 3 2 4 0 74 7 1 9 0 12 ]{63:LDI}
[ 0 6 -999 2 0 21 3 2 4 0 74 7 1 9 0 1 ]{64:CSTI 1}
[ 0 6 -999 2 0 21 3 2 4 0 74 7 1 9 0 1 1 ]{66:SUB}
[ 0 6 -999 2 0 21 3 2 4 0 74 7 1 9 0 0 ]{67:GETBP}
[ 0 6 -999 2 0 21 3 2 4 0 74 7 1 9 0 0 12 ]{68:CSTI 2}
[ 0 6 -999 2 0 21 3 2 4 0 74 7 1 9 0 0 12 2 ]{70:ADD}
[ 0 6 -999 2 0 21 3 2 4 0 74 7 1 9 0 0 14 ]{71:CALL 2 35}
[ 0 6 -999 2 0 21 3 2 4 0 74 7 1 9 0 74 12 0 14 ]{35:GETBP}
[ 0 6 -999 2 0 21 3 2 4 0 74 7 1 9 0 74 12 0 14 17 ]{36:CSTI 0}
[ 0 6 -999 2 0 21 3 2 4 0 74 7 1 9 0 74 12 0 14 17 0 ]{38:ADD}
[ 0 6 -999 2 0 21 3 2 4 0 74 7 1 9 0 74 12 0 14 17 ]{39:LDI}
[ 0 6 -999 2 0 21 3 2 4 0 74 7 1 9 0 74 12 0 14 0 ]{40:CSTI 0}
[ 0 6 -999 2 0 21 3 2 4 0 74 7 1 9 0 74 12 0 14 0 0 ]{42:EQ}
[ 0 6 -999 2 0 21 3 2 4 0 74 7 1 9 0 74 12 0 14 1 ]{43:IFZERO 57}
[ 0 6 -999 2 0 21 3 2 4 0 74 7 1 9 0 74 12 0 14 ]{45:GETBP}
[ 0 6 -999 2 0 21 3 2 4 0 74 7 1 9 0 74 12 0 14 17 ]{46:CSTI 1}
[ 0 6 -999 2 0 21 3 2 4 0 74 7 1 9 0 74 12 0 14 17 1 ]{48:ADD}
[ 0 6 -999 2 0 21 3 2 4 0 74 7 1 9 0 74 12 0 14 18 ]{49:LDI}
[ 0 6 -999 2 0 21 3 2 4 0 74 7 1 9 0 74 12 0 14 14 ]{50:CSTI 1}
[ 0 6 -999 2 0 21 3 2 4 0 74 7 1 9 0 74 12 0 14 14 1 ]{52:STI}
[ 0 6 -999 2 0 21 3 2 4 0 74 7 1 9 1 74 12 0 14 1 ]{53:INCSP -1}
[ 0 6 -999 2 0 21 3 2 4 0 74 7 1 9 1 74 12 0 14 ]{55:GOTO 97}
[ 0 6 -999 2 0 21 3 2 4 0 74 7 1 9 1 74 12 0 14 ]{97:INCSP 0}
[ 0 6 -999 2 0 21 3 2 4 0 74 7 1 9 1 74 12 0 14 ]{99:RET 1}
[ 0 6 -999 2 0 21 3 2 4 0 74 7 1 9 1 14 ]{74:INCSP -1}
[ 0 6 -999 2 0 21 3 2 4 0 74 7 1 9 1 ]{76:GETBP}
[ 0 6 -999 2 0 21 3 2 4 0 74 7 1 9 1 12 ]{77:CSTI 1}
[ 0 6 -999 2 0 21 3 2 4 0 74 7 1 9 1 12 1 ]{79:ADD}
[ 0 6 -999 2 0 21 3 2 4 0 74 7 1 9 1 13 ]{80:LDI}
[ 0 6 -999 2 0 21 3 2 4 0 74 7 1 9 1 9 ]{81:GETBP}
[ 0 6 -999 2 0 21 3 2 4 0 74 7 1 9 1 9 12 ]{82:CSTI 2}
[ 0 6 -999 2 0 21 3 2 4 0 74 7 1 9 1 9 12 2 ]{84:ADD}
[ 0 6 -999 2 0 21 3 2 4 0 74 7 1 9 1 9 14 ]{85:LDI}
[ 0 6 -999 2 0 21 3 2 4 0 74 7 1 9 1 9 1 ]{86:GETBP}
[ 0 6 -999 2 0 21 3 2 4 0 74 7 1 9 1 9 1 12 ]{87:CSTI 0}
[ 0 6 -999 2 0 21 3 2 4 0 74 7 1 9 1 9 1 12 0 ]{89:ADD}
[ 0 6 -999 2 0 21 3 2 4 0 74 7 1 9 1 9 1 12 ]{90:LDI}
[ 0 6 -999 2 0 21 3 2 4 0 74 7 1 9 1 9 1 1 ]{91:MUL}
[ 0 6 -999 2 0 21 3 2 4 0 74 7 1 9 1 9 1 ]{92:STI}
[ 0 6 -999 2 0 21 3 2 4 1 74 7 1 9 1 1 ]{93:INCSP -1}
[ 0 6 -999 2 0 21 3 2 4 1 74 7 1 9 1 ]{95:INCSP -1}
[ 0 6 -999 2 0 21 3 2 4 1 74 7 1 9 ]{97:INCSP 0}
[ 0 6 -999 2 0 21 3 2 4 1 74 7 1 9 ]{99:RET 1}
[ 0 6 -999 2 0 21 3 2 4 1 9 ]{74:INCSP -1}
[ 0 6 -999 2 0 21 3 2 4 1 ]{76:GETBP}
[ 0 6 -999 2 0 21 3 2 4 1 7 ]{77:CSTI 1}
[ 0 6 -999 2 0 21 3 2 4 1 7 1 ]{79:ADD}
[ 0 6 -999 2 0 21 3 2 4 1 8 ]{80:LDI}
[ 0 6 -999 2 0 21 3 2 4 1 4 ]{81:GETBP}
[ 0 6 -999 2 0 21 3 2 4 1 4 7 ]{82:CSTI 2}
[ 0 6 -999 2 0 21 3 2 4 1 4 7 2 ]{84:ADD}
[ 0 6 -999 2 0 21 3 2 4 1 4 9 ]{85:LDI}
[ 0 6 -999 2 0 21 3 2 4 1 4 1 ]{86:GETBP}
[ 0 6 -999 2 0 21 3 2 4 1 4 1 7 ]{87:CSTI 0}
[ 0 6 -999 2 0 21 3 2 4 1 4 1 7 0 ]{89:ADD}
[ 0 6 -999 2 0 21 3 2 4 1 4 1 7 ]{90:LDI}
[ 0 6 -999 2 0 21 3 2 4 1 4 1 2 ]{91:MUL}
[ 0 6 -999 2 0 21 3 2 4 1 4 2 ]{92:STI}
[ 0 6 -999 2 2 21 3 2 4 1 2 ]{93:INCSP -1}
[ 0 6 -999 2 2 21 3 2 4 1 ]{95:INCSP -1}
[ 0 6 -999 2 2 21 3 2 4 ]{97:INCSP 0}
[ 0 6 -999 2 2 21 3 2 4 ]{99:RET 1}
[ 0 6 -999 2 2 4 ]{21:INCSP -1}
[ 0 6 -999 2 2 ]{23:GETBP}
[ 0 6 -999 2 2 3 ]{24:CSTI 1}
[ 0 6 -999 2 2 3 1 ]{26:ADD}
[ 0 6 -999 2 2 4 ]{27:LDI}
[ 0 6 -999 2 2 2 ]{28:PRINTI}
2 [ 0 6 -999 2 2 2 ]{29:INCSP -1}
[ 0 6 -999 2 2 ]{31:INCSP -1}
[ 0 6 -999 2 ]{33:RET 0}
[ 0 2 ]{6:STOP}
Used   0.000 cpu seconds
